############### GRAFO CARGADO #################
     1     2     3     4     5     6     7     8     9     10     11     12     13     14     15     16     17     18     19     20     21     22     23     24     25     26     27     28     29     30     31     32     33     34     35     36     37     38     39     40     41     42     43     44     45     46     47     48
1    999999999999    4726.65    1204.35    6362.5    3656.99    3129.52    2413.52    562.3    462.08    5653.5    1712.36    1603.57    2367.2    2200.37    1289.45    1003.88    3832.69    2257.6    3418.9    2266.98    2956.02    719.96    1699.31    5278.16    2577.88    6075.47    3464.68    2653.68    3624.65    3114.92    1573.16    3950.07    1747.36    2141.24    6754.23    2382.12    3305.9    1028.9    3529.29    824.31    2187.0    4819.4    3488.99    1946.9    6834.32    1541.73    2378.53    3743.08    
2    4726.65    999999999999    3587.42    2011.66    1841.4    6976.77    6500.0    5186.87    5027.71    2326.84    4147.82    4722.74    3634.92    3124.14    4906.11    3929.65    7462.79    6337.1    7242.33    5104.56    4042.94    4021.37    3676.24    2862.59    3105.93    1849.16    7172.88    6629.0    1203.18    6813.09    6000.59    3446.91    5252.22    2655.55    3122.58    6273.4    7182.76    5621.92    3084.11    4563.01    2755.07    1590.9    7026.7    6185.68    3471.21    5460.75    4389.06    2087.28    
3    1204.35    3587.42    999999999999    5162.03    2457.87    3677.4    3070.36    1742.0    1443.59    4461.99    1183.62    1519.96    1497.16    1102.74    1500.86    950.24    4297.46    2902.44    3966.38    2168.79    2208.9    651.64    827.12    4135.8    1517.28    4872.96    3953.06    3253.06    2445.98    3580.28    2440.56    2959.63    1965.15    949.29    5563.66    2915.06    3877.77    2034.56    2481.96    1026.94    1394.88    3616.91    3890.77    2685.27    5660.2    2022.99    1866.17    2559.96    
4    6362.5    2011.66    5162.03    999999999999    2798.67    8063.72    7726.79    6877.27    6580.35    1401.71    5365.6    5945.99    4678.99    4377.0    6224.78    5708.59    8416.99    7577.25    8295.39    6134.93    4801.41    5706.34    4981.88    2321.82    4177.34    319.85    8185.61    7799.95    2777.3    7858.03    7407.99    3762.93    6460.56    4222.12    1426.01    7450.72    8262.98    7130.39    3668.38    6010.93    4637.29    1680.84    7986.74    7501.6    1876.19    6757.81    5359.9    2843.78    
5    3656.99    1841.4    2457.87    2798.67    999999999999    5329.47    4945.93    4199.86    3823.6    2011.2    2572.63    3156.12    1923.09    1579.17    3426.33    3178.25    5748.34    4792.84    5576.98    3408.23    2222.26    3065.86    2184.29    1859.25    1400.11    2490.12    5485.29    5034.31    893.07    5140.42    4610.53    1668.98    3676.98    1589.84    3112.02    4681.22    5532.7    4351.56    1251.33    3226.58    2425.58    1168.41    5312.08    4705.57    3240.71    3961.75    2650.96    303.78    
6    3129.52    6976.77    3677.4    8063.72    5329.47    999999999999    742.83    3208.39    2669.16    6928.3    2830.11    2265.7    3406.5    3853.17    2177.33    4075.48    726.01    880.19    292.58    1929.22    3309.31    3671.53    3314.13    6198.37    3931.81    7744.86    364.87    481.68    5773.96    260.46    1658.2    4512.78    1745.95    4430.3    7909.41    768.53    206.12    2224.51    4434.07    2680.28    5052.25    6383.2    549.6    1223.01    7804.17    1669.68    2703.87    5229.96    
7    2413.52    6500.0    3070.36    7726.79    4945.93    742.83    999999999999    2467.3    1951.46    6672.59    2379.73    1794.35    3050.48    3404.89    1603.17    3381.33    1468.49    167.92    1019.48    1680.16    3109.42    2993.0    2826.49    6008.85    3551.06    7411.24    1103.15    266.93    5299.66    820.33    915.43    4347.47    1269.04    3889.93    7697.56    331.05    899.09    1483.09    4184.1    2048.11    4414.24    6050.72    1218.74    481.27    7634.17    1053.32    2431.52    4883.6    
8    562.3    5186.87    1742.0    6877.27    4199.86    3208.39    2467.3    999999999999    717.9    6202.37    2240.41    2050.41    2919.81    2761.65    1686.7    1303.75    3931.26    2330.34    3486.42    2668.53    3486.22    1174.67    2259.15    5839.02    3140.17    6595.21    3562.82    2727.0    4119.94    3239.17    1558.36    4506.64    2081.57    2657.92    7303.78    2511.06    3363.92    984.23    4090.56    1318.99    2543.77    5357.46    3631.03    1986.05    7390.36    1784.77    2878.63    4295.21    
9    462.08    5027.71    1443.59    6580.35    3823.6    2669.16    1951.46    717.9    999999999999    5788.32    1601.48    1342.54    2329.67    2290.92    969.74    1450.63    3375.17    1795.86    2958.01    1950.64    2834.52    1111.68    1724.76    5345.47    2627.59    6284.77    3006.66    2192.41    3888.51    2660.03    1121.46    3919.29    1371.76    2390.83    6882.96    1926.07    2844.4    610.67    3542.11    675.0    2589.32    4992.01    3038.11    1485.48    6933.27    1111.73    2195.34    3875.42    
10    5653.5    2326.84    4461.99    1401.71    2011.2    6928.3    6672.59    6202.37    5788.32    999999999999    4391.47    4946.12    3647.94    3500.03    5273.25    5182.13    7215.62    6534.31    7139.66    5021.06    3620.23    5076.6    4089.16    921.43    3206.64    1130.85    7013.21    6713.02    2436.41    6706.3    6476.8    2475.32    5431.57    3598.09    1101.73    6375.22    7120.72    6283.03    2496.95    5159.72    4317.92    936.38    6794.61    6506.74    1267.89    5772.71    4248.65    1913.99    
11    1712.36    4147.82    1183.62    5365.6    2572.63    2830.11    2379.73    2240.41    1601.48    4391.47    999999999999    585.43    765.03    1028.97    882.37    2039.68    3352.39    2223.58    3099.58    1048.16    1245.95    1624.41    502.13    3840.37    1195.23    5053.0    3041.86    2487.56    2944.69    2675.72    2086.13    2330.31    1113.22    1649.87    5458.95    2131.74    3036.21    1957.76    1996.49    930.94    2512.86    3700.28    2922.53    2136.91    5458.45    1393.8    710.77    2533.56    
12    1603.57    4722.74    1519.96    5945.99    3156.12    2265.7    1794.35    2050.41    1342.54    4946.12    585.43    999999999999    1298.34    1611.95    405.29    2207.16    2823.4    1638.24    2541.76    693.73    1585.58    1766.55    1049.56    4356.47    1769.95    5632.43    2497.85    1906.93    3519.81    2127.08    1557.66    2777.8    530.07    2170.9    6002.07    1551.1    2471.6    1537.55    2505.39    790.04    2911.58    4276.65    2402.36    1563.44    5982.24    826.76    891.43    3108.68    
13    2367.2    3634.92    1497.16    4678.99    1923.09    3406.5    3050.48    2919.81    2329.67    3647.94    765.03    1298.34    999999999999    645.88    1641.02    2445.98    3839.16    2904.24    3654.46    1487.42    729.9    2095.74    696.5    3075.96    532.08    4362.47    3566.21    3121.77    2452.87    3218.31    2841.84    1591.44    1790.92    1479.25    4705.34    2771.78    3609.62    2720.2    1231.79    1655.22    2549.31    3000.85    3402.37    2859.38    4696.0    2125.08    755.31    1835.3    
14    2200.37    3124.14    1102.74    4377.0    1579.17    3853.17    3404.89    2761.65    2290.92    3500.03    1028.97    1611.95    645.88    999999999999    1852.06    2025.09    4348.59    3246.62    4118.22    1996.9    1340.22    1752.92    605.13    3077.91    418.8    4069.25    4051.16    3516.53    1922.26    3689.64    3031.38    1865.9    2141.41    837.01    4592.57    3160.7    4059.08    2787.85    1379.43    1662.01    1931.36    2735.98    3914.17    3137.23    4646.43    2394.95    1350.58    1591.72    
15    1289.45    4906.11    1500.86    6224.78    3426.33    2177.33    1603.17    1686.7    969.74    5273.25    882.37    405.29    1641.02    1852.06    999999999999    2028.25    2802.27    1437.31    2465.73    985.24    1986.23    1592.12    1252.56    4715.68    2071.7    5914.72    2453.93    1763.64    3709.75    2081.67    1203.8    3163.75    496.33    2286.78    6341.22    1418.81    2378.65    1133.47    2866.72    553.24    2884.77    4568.89    2404.4    1288.17    6337.0    554.71    1296.48    3405.59    
16    1003.88    3929.65    950.24    5708.59    3178.25    4075.48    3381.33    1303.75    1450.63    5182.13    2039.68    2207.16    2445.98    2025.09    2028.25    999999999999    4758.91    3219.98    4367.56    2899.4    3150.77    441.04    1764.55    4959.46    2443.85    5442.44    4395.36    3609.11    2931.29    4033.93    2571.63    3890.96    2524.24    1589.6    6277.6    3312.7    4260.58    2032.7    3397.9    1475.14    1240.45    4286.55    4389.63    2927.54    6418.84    2427.13    2748.27    3336.4    
17    3832.69    7462.79    4297.46    8416.99    5748.34    726.01    1468.49    3931.26    3375.17    7215.62    3352.39    2823.4    3839.16    4348.59    2802.27    4758.91    999999999999    1600.95    476.62    2358.32    3616.44    4344.83    3850.94    6432.5    4371.21    8097.15    369.27    1205.03    6266.38    725.79    2383.91    4753.17    2334.17    4990.61    8147.81    1451.14    608.05    2948.15    4751.65    3330.47    5686.63    6745.46    436.79    1947.67    8004.08    2333.86    3097.57    5617.86    
18    2257.6    6337.1    2902.44    7577.25    4792.84    880.19    167.92    2330.34    1795.86    6534.31    2223.58    1638.24    2904.24    3246.62    1437.31    3219.98    1600.95    999999999999    1164.73    1562.27    2987.19    2828.91    2665.26    5881.09    3400.27    7262.26    1232.51    398.9    5137.39    922.58    793.35    4226.62    1116.77    3723.84    7564.83    285.51    1048.82    1347.82    4050.14    1880.29    4247.12    5902.76    1321.59    354.13    7507.84    886.25    2301.08    4735.04    
19    3418.9    7242.33    3966.38    8295.39    5576.98    292.58    1019.48    3486.42    2958.01    7139.66    3099.58    2541.76    3654.46    4118.22    2465.73    4367.56    476.62    1164.73    999999999999    2169.44    3519.85    3964.08    3587.86    6392.28    4182.75    7976.05    201.36    766.19    6040.29    437.59    1931.08    4705.73    2026.85    4710.1    8106.4    1060.84    131.47    2502.21    4651.1    2971.91    5343.21    6616.16    485.06    1500.66    7988.71    1961.77    2938.27    5468.88    
20    2266.98    5104.56    2168.79    6134.93    3408.23    1929.22    1680.16    2668.53    1950.64    5021.06    1048.16    693.73    1487.42    1996.9    985.24    2899.4    2358.32    1562.27    2169.44    999999999999    1429.95    2459.23    1546.95    4332.76    2018.11    5816.24    2078.84    1693.9    3909.32    1732.43    1812.08    2667.31    653.62    2693.15    6028.94    1365.51    2129.84    1990.11    2524.46    1473.47    3541.25    4454.25    1922.15    1640.9    5956.12    1070.17    776.55    3301.26    
21    2956.02    4042.94    2208.9    4801.41    2222.26    3309.31    3109.42    3486.22    2834.52    3620.23    1245.95    1585.58    729.9    1340.22    1986.23    3150.77    3616.44    2987.19    3519.85    1429.95    999999999999    2778.67    1386.23    2904.5    1061.69    4481.59    3397.01    3118.64    2921.2    3086.09    3114.24    1239.65    1952.86    2174.6    4606.63    2795.23    3500.7    3118.96    1135.61    2172.49    3267.79    3135.2    3188.12    3028.79    4526.36    2354.22    710.72    2041.55    
22    719.96    4021.37    651.64    5706.34    3065.86    3671.53    2993.0    1174.67    1111.68    5076.6    1624.41    1766.55    2095.74    1752.92    1592.12    441.04    4344.83    2828.91    3964.08    2459.23    2778.67    999999999999    1401.0    4780.13    2165.04    5427.0    3983.82    3211.89    2945.35    3619.09    2223.65    3602.05    2088.44    1495.59    6177.81    2905.02    3860.59    1718.32    3131.08    1039.0    1478.63    4210.1    3968.19    2552.47    6289.09    2011.0    2335.16    3188.46    
23    1699.31    3676.24    827.12    4981.88    2184.29    3314.13    2826.49    2259.15    1724.76    4089.16    502.13    1049.56    696.5    605.13    1252.56    1764.55    3850.94    2665.26    3587.86    1546.95    1386.23    1401.0    999999999999    3620.7    902.92    4674.35    3536.17    2953.2    2474.26    3168.03    2426.29    2253.72    1577.22    1147.84    5176.11    2597.85    3520.16    2193.88    1832.98    1073.03    2053.18    3339.74    3422.37    2540.34    5212.46    1800.94    1076.09    2189.2    
24    5278.16    2862.59    4135.8    2321.82    1859.25    6198.37    6008.85    5839.02    5345.47    921.43    3840.37    4356.47    3075.96    3077.91    4715.68    4959.46    6432.5    5881.09    6392.28    4332.76    2904.5    4780.13    3620.7    999999999999    2717.99    2041.71    6253.81    6023.13    2568.8    5965.46    5912.01    1686.58    4806.8    3383.19    1715.74    5698.17    6383.92    5786.65    1851.11    4686.72    4284.79    1271.88    6021.35    5891.71    1628.44    5177.27    3580.27    1638.23    
25    2577.88    3105.93    1517.28    4177.34    1400.11    3931.81    3551.06    3140.17    2627.59    3206.64    1195.23    1769.95    532.08    418.8    2071.7    2443.85    4371.21    3400.27    4182.75    2018.11    1061.69    2165.04    902.92    2717.99    999999999999    3863.07    4096.89    3634.7    1931.13    3747.25    3273.24    1447.11    2283.5    1163.61    4285.31    3282.12    4135.64    3085.99    966.63    1972.88    2284.91    2506.77    3934.42    3330.72    4311.56    2588.48    1283.35    1339.05    
26    6075.47    1849.16    4872.96    319.85    2490.12    7744.86    7411.24    6595.21    6284.77    1130.85    5053.0    5632.43    4362.47    4069.25    5914.72    5442.44    8097.15    7262.26    7976.05    5816.24    4481.59    5427.0    4674.35    2041.71    3863.07    999999999999    7865.96    7482.82    2514.46    7538.72    7100.63    3448.23    6145.72    3937.68    1374.48    7133.99    7943.96    6830.13    3348.7    5708.75    4396.14    1362.74    7666.91    7189.57    1797.53    6445.9    5040.99    2527.69    
27    3464.68    7172.88    3953.06    8185.61    5485.29    364.87    1103.15    3562.82    3006.66    7013.21    3041.86    2497.85    3566.21    4051.16    2453.93    4395.36    369.27    1232.51    201.36    2078.84    3397.01    3983.82    3536.17    6253.81    4096.89    7865.96    999999999999    838.12    5972.84    373.07    2018.02    4568.18    1995.99    4668.67    7969.1    1084.37    305.0    2580.15    4531.35    2975.32    5338.35    6508.52    286.4    1580.67    7843.44    1973.27    2837.89    5368.07    
28    2653.68    6629.0    3253.06    7799.95    5034.31    481.68    266.93    2727.0    2192.41    6713.02    2487.56    1906.93    3121.77    3516.53    1763.64    3609.11    1205.03    398.9    766.19    1693.9    3118.64    3211.89    2953.2    6023.13    3634.7    7482.82    838.12    999999999999    5426.34    557.98    1180.01    4348.86    1376.99    4043.21    7722.41    355.88    652.56    1743.38    4217.39    2240.67    4613.72    6120.32    954.38    742.69    7643.23    1230.81    2464.44    4956.8    
29    3624.65    1203.18    2445.98    2777.3    893.07    5773.96    5299.66    4119.94    3888.51    2436.41    2944.69    3519.81    2452.87    1922.26    3709.75    2931.29    6266.38    5137.39    6040.29    3909.32    2921.2    2945.35    2474.26    2568.8    1931.13    2514.46    5972.84    5426.34    999999999999    5611.87    4823.01    2549.91    4049.43    1497.71    3475.53    5070.66    5979.98    4469.94    2095.61    3387.4    1910.06    1500.36    5830.87    4993.15    3703.55    4263.93    3208.13    1195.96    
30    3114.92    6813.09    3580.28    7858.03    5140.42    260.46    820.33    3239.17    2660.03    6706.3    2675.72    2127.08    3218.31    3689.64    2081.67    4033.93    725.79    922.58    437.59    1732.43    3086.09    3619.09    3168.03    5965.46    3747.25    7538.72    373.07    557.98    5611.87    999999999999    1715.89    4279.0    1623.07    4297.95    7678.43    734.4    419.55    2262.35    4215.89    2605.8    4966.35    6178.68    399.54    1276.69    7566.63    1608.16    2500.68    5031.34    
31    1573.16    6000.59    2440.56    7407.99    4610.53    1658.2    915.43    1558.36    1121.46    6476.8    2086.13    1557.66    2841.84    3031.38    1203.8    2571.63    2383.91    793.35    1931.08    1812.08    3114.24    2223.65    2426.29    5912.01    3273.24    7100.63    2018.02    1180.01    4823.01    1715.89    999999999999    4329.44    1179.21    3345.98    7544.71    1022.1    1807.08    577.63    4061.1    1437.58    3692.5    5762.24    2114.67    439.48    7536.04    762.57    2403.84    4602.86    
32    3950.07    3446.91    2959.63    3762.93    1668.98    4512.78    4347.47    4506.64    3919.29    2475.32    2330.31    2777.8    1591.44    1865.9    3163.75    3890.96    4753.17    4226.62    4705.73    2667.31    1239.65    3602.05    2253.72    1686.58    1447.11    3448.23    4568.18    4348.86    2549.91    4279.0    4329.44    999999999999    3183.74    2509.43    3401.06    4030.97    4697.59    4280.58    532.63    3244.31    3611.76    2186.31    4338.44    4264.51    3295.58    3575.64    1940.57    1380.96    
33    1747.36    5252.22    1965.15    6460.56    3676.98    1745.95    1269.04    2081.57    1371.76    5431.57    1113.22    530.07    1790.92    2141.41    496.33    2524.24    2334.17    1116.77    2026.85    653.62    1952.86    2088.44    1577.22    4806.8    2283.5    6145.72    1995.99    1376.99    4049.43    1623.07    1179.21    3183.74    999999999999    2684.35    6474.12    1021.23    1951.15    1340.22    2962.04    1049.51    3357.91    4786.74    1925.72    1085.01    6435.22    421.38    1243.91    3618.81    
34    2141.24    2655.55    949.29    4222.12    1589.84    4430.3    3889.93    2657.92    2390.83    3598.09    1649.87    2170.9    1479.25    837.01    2286.78    1589.6    4990.61    3723.84    4710.1    2693.15    2174.6    1495.59    1147.84    3383.19    1163.61    3937.68    4668.67    4043.21    1497.71    4297.95    3345.98    2509.43    2684.35    999999999999    4696.65    3692.04    4635.44    2974.02    1980.79    1908.81    1123.16    2717.44    4564.75    3547.04    4829.71    2838.6    2139.28    1750.93    
35    6754.23    3122.58    5563.66    1426.01    3112.02    7909.41    7697.56    7303.78    6882.96    1101.73    5458.95    6002.07    4705.34    4592.57    6341.22    6277.6    8147.81    7564.83    8106.4    6028.94    4606.63    6177.81    5176.11    1715.74    4285.31    1374.48    7969.1    7722.41    3475.53    7678.43    7544.71    3401.06    6474.12    4696.65    999999999999    7392.13    8096.4    7369.05    3514.87    6248.53    5378.77    2000.51    7737.09    7555.58    460.18    6828.35    5266.12    3012.49    
36    2382.12    6273.4    2915.06    7450.72    4681.22    768.53    331.05    2511.06    1926.07    6375.22    2131.74    1551.1    2771.78    3160.7    1418.81    3312.7    1451.14    285.51    1060.84    1365.51    2795.23    2905.02    2597.85    5698.17    3282.12    7133.99    1084.37    355.88    5070.66    734.4    1022.1    4030.97    1021.23    3692.04    7392.13    999999999999    964.39    1541.74    3882.04    1912.4    4285.26    5771.86    1120.46    599.77    7321.56    901.26    2127.77    4607.08    
37    3305.9    7182.76    3877.77    8262.98    5532.7    206.12    899.09    3363.92    2844.4    7120.72    3036.21    2471.6    3609.62    4059.08    2378.65    4260.58    608.05    1048.82    131.47    2129.84    3500.7    3860.59    3520.16    6383.92    4135.64    7943.96    305.0    652.56    5979.98    419.55    1807.08    4697.59    1951.15    4635.44    8096.4    964.39    999999999999    2379.94    4628.18    2876.57    5249.64    6582.73    569.86    1379.4    7985.99    1865.05    2903.19    5431.07    
38    1028.9    5621.92    2034.56    7130.39    4351.56    2224.51    1483.09    984.23    610.67    6283.03    1957.76    1537.55    2720.2    2787.85    1133.47    2032.7    2948.15    1347.82    2502.21    1990.11    3118.96    1718.32    2193.88    5786.65    3085.99    6830.13    2580.15    1743.38    4469.94    2262.35    577.63    4280.58    1340.22    2974.02    7369.05    1541.74    2379.94    999999999999    3951.54    1126.29    3196.95    5517.45    2657.36    1001.86    7394.63    950.38    2428.79    4379.43    
39    3529.29    3084.11    2481.96    3668.38    1251.33    4434.07    4184.1    4090.56    3542.11    2496.95    1996.49    2505.39    1231.79    1379.43    2866.72    3397.9    4751.65    4050.14    4651.1    2524.46    1135.61    3131.08    1832.98    1851.11    966.63    3348.7    4531.35    4217.39    2095.61    4215.89    4061.1    532.63    2962.04    1980.79    3514.87    3882.04    4628.18    3951.54    999999999999    2872.11    3079.57    2011.52    4323.72    4045.83    3477.37    3327.04    1754.26    999.64    
40    824.31    4563.01    1026.94    6010.93    3226.58    2680.28    2048.11    1318.99    675.0    5159.72    930.94    790.04    1655.22    1662.01    553.24    1475.14    3330.47    1880.29    2971.91    1473.47    2172.49    1039.0    1073.03    4686.72    1972.88    5708.75    2975.32    2240.67    3387.4    2605.8    1437.58    3244.31    1049.51    1908.81    6248.53    1912.4    2876.57    1126.29    2872.11    999999999999    2373.57    4391.63    2942.41    1658.75    6284.33    1011.66    1562.22    3253.73    
41    2187.0    2755.07    1394.88    4637.29    2425.58    5052.25    4414.24    2543.77    2589.32    4317.92    2512.86    2911.58    2549.31    1931.36    2884.77    1240.45    5686.63    4247.12    5343.21    3541.25    3267.79    1478.63    2053.18    4284.79    2284.91    4396.14    5338.35    4613.72    1910.06    4966.35    3692.5    3611.76    3357.91    1123.16    5378.77    4285.26    5249.64    3196.95    3079.57    2373.57    999999999999    3385.38    5283.47    3996.8    5584.08    3385.16    3124.41    2663.95    
42    4819.4    1590.9    3616.91    1680.84    1168.41    6383.2    6050.72    5357.46    4992.01    936.38    3700.28    4276.65    3000.85    2735.98    4568.89    4286.55    6745.46    5902.76    6616.16    4454.25    3135.2    4210.1    3339.74    1271.88    2506.77    1362.74    6508.52    6120.32    1500.36    6178.68    5762.24    2186.31    4786.74    2717.44    2000.51    5771.86    6582.73    5517.45    2011.52    4391.63    3385.38    999999999999    6313.59    5837.0    2204.15    5094.08    3679.55    1168.15    
43    3488.99    7026.7    3890.77    7986.74    5312.08    549.6    1218.74    3631.03    3038.11    6794.61    2922.53    2402.36    3402.37    3914.17    2404.4    4389.63    436.79    1321.59    485.06    1922.15    3188.12    3968.19    3422.37    6021.35    3934.42    7666.91    286.4    954.38    5830.87    399.54    2114.67    4338.44    1925.72    4564.75    7737.09    1120.46    569.86    2657.36    4323.72    2942.41    5283.47    6313.59    999999999999    1675.72    7602.28    1963.81    2661.19    5183.23    
44    1946.9    6185.68    2685.27    7501.6    4705.57    1223.01    481.27    1986.05    1485.48    6506.74    2136.91    1563.44    2859.38    3137.23    1288.17    2927.54    1947.67    354.13    1500.66    1640.9    3028.79    2552.47    2540.34    5891.71    3330.72    7189.57    1580.67    742.69    4993.15    1276.69    439.48    4264.51    1085.01    3547.04    7555.58    599.77    1379.4    1001.86    4045.83    1658.75    3996.8    5837.0    1675.72    999999999999    7520.1    743.85    2324.08    4669.73    
45    6834.32    3471.21    5660.2    1876.19    3240.71    7804.17    7634.17    7390.36    6933.27    1267.89    5458.45    5982.24    4696.0    4646.43    6337.0    6418.84    8004.08    7507.84    7988.71    5956.12    4526.36    6289.09    5212.46    1628.44    4311.56    1797.53    7843.44    7643.23    3703.55    7566.63    7536.04    3295.58    6435.22    4829.71    460.18    7321.56    7985.99    7394.63    3477.37    6284.33    5584.08    2204.15    7602.28    7520.1    999999999999    6804.39    5207.62    3101.12    
46    1541.73    5460.75    2022.99    6757.81    3961.75    1669.68    1053.32    1784.77    1111.73    5772.71    1393.8    826.76    2125.08    2394.95    554.71    2427.13    2333.86    886.25    1961.77    1070.17    2354.22    2011.0    1800.94    5177.27    2588.48    6445.9    1973.27    1230.81    4263.93    1608.16    762.57    3575.64    421.38    2838.6    6828.35    901.26    1865.05    950.38    3327.04    1011.66    3385.16    5094.08    1963.81    743.85    6804.39    999999999999    1643.51    3927.25    
47    2378.53    4389.06    1866.17    5359.9    2650.96    2703.87    2431.52    2878.63    2195.34    4248.65    710.77    891.43    755.31    1350.58    1296.48    2748.27    3097.57    2301.08    2938.27    776.55    710.72    2335.16    1076.09    3580.27    1283.35    5040.99    2837.89    2464.44    3208.13    2500.68    2403.84    1940.57    1243.91    2139.28    5266.12    2127.77    2903.19    2428.79    1754.26    1562.22    3124.41    3679.55    2661.19    2324.08    5207.62    1643.51    999999999999    2531.03    
48    3743.08    2087.28    2559.96    2843.78    303.78    5229.96    4883.6    4295.21    3875.42    1913.99    2533.56    3108.68    1835.3    1591.72    3405.59    3336.4    5617.86    4735.04    5468.88    3301.26    2041.55    3188.46    2189.2    1638.23    1339.05    2527.69    5368.07    4956.8    1195.96    5031.34    4602.86    1380.96    3618.81    1750.93    3012.49    4607.08    5431.07    4379.43    999.64    3253.73    2663.95    1168.15    5183.23    4669.73    3101.12    3927.25    2531.03    999999999999    

################ SOLUCION INICIAL #################
Vertices:        [1, 9, 38, 31, 44, 18, 7, 28, 36, 30, 6, 37, 19, 27, 43, 17, 46, 33, 15, 12, 11, 23, 14, 25, 13, 21, 47, 20, 40, 3, 22, 16, 41, 34, 29, 5, 48, 39, 32, 24, 10, 42, 26, 4, 35, 45, 2, 8]
Aristas:         [(1,9,462.08), (9,38,610.67), (38,31,577.63), (31,44,439.48), (44,18,354.13), (18,7,167.92), (7,28,266.93), (28,36,355.88), (36,30,734.4), (30,6,260.46), (6,37,206.12), (37,19,131.47), (19,27,201.36), (27,43,286.4), (43,17,436.79), (17,46,2333.86), (46,33,421.38), (33,15,496.33), (15,12,405.29), (12,11,585.43), (11,23,502.13), (23,14,605.13), (14,25,418.8), (25,13,532.08), (13,21,729.9), (21,47,710.72), (47,20,776.55), (20,40,1473.47), (40,3,1026.94), (3,22,651.64), (22,16,441.04), (16,41,1240.45), (41,34,1123.16), (34,29,1497.71), (29,5,893.07), (5,48,303.78), (48,39,999.64), (39,32,532.63), (32,24,1686.58), (24,10,921.43), (10,42,936.38), (42,26,1362.74), (26,4,319.85), (4,35,1426.01), (35,45,460.18), (45,2,3471.21), (2,8,5186.87)]
Costo asociado:  40526.4
################################ 366 ####################################
Vertices:        [1, 9, 38, 31, 44, 18, 7, 28, 36, 30, 6, 37, 19, 17, 43, 27, 46, 33, 15, 12, 11, 23, 14, 25, 13, 21, 47, 20, 40, 3, 22, 16, 41, 34, 29, 5, 48, 39, 32, 24, 10, 42, 26, 4, 35, 45, 2, 8]
Aristas:         [(1,9,462.08), (9,38,610.67), (38,31,577.63), (31,44,439.48), (44,18,354.13), (18,7,167.92), (7,28,266.93), (28,36,355.88), (36,30,734.4), (30,6,260.46), (6,37,206.12), (37,19,131.47), (19,17,476.62), (17,43,436.79), (43,27,286.4), (27,46,1973.27), (46,33,421.38), (33,15,496.33), (15,12,405.29), (12,11,585.43), (11,23,502.13), (23,14,605.13), (14,25,418.8), (25,13,532.08), (13,21,729.9), (21,47,710.72), (47,20,776.55), (20,40,1473.47), (40,3,1026.94), (3,22,651.64), (22,16,441.04), (16,41,1240.45), (41,34,1123.16), (34,29,1497.71), (29,5,893.07), (5,48,303.78), (48,39,999.64), (39,32,532.63), (32,24,1686.58), (24,10,921.43), (10,42,936.38), (42,26,1362.74), (26,4,319.85), (4,35,1426.01), (35,45,460.18), (45,2,3471.21), (2,8,5186.87)]
Costo asociado:  40441.07000000001
-+-+-+-+-+-+-+-+-+-+-+-+ Lista TABÚ +-+-+-+-+-+-+-+-+-+-+-+-+
Lista Tabu: [(6,1), (22,1), (23,1), (9,2), (20,2), (30,2), (35,1), (46,1), (37,1), (33,3), (40,3), (19,3), (39,2), (24,2), (47,2), (43,4), (11,4), (34,4), (2,3), (18,3), (12,3), (31,5), (15,5), (13,5), (45,4), (8,4), (42,4), (41,6), (5,6), (26,6), (25,5), (38,5), (28,5), (44,7), (48,7), (4,7), (14,6), (29,6), (16,6)]
################################ 472 ####################################
Vertices:        [1, 9, 38, 31, 44, 18, 7, 28, 36, 30, 6, 37, 19, 17, 27, 43, 46, 33, 15, 12, 11, 23, 14, 25, 13, 21, 47, 20, 40, 3, 22, 16, 41, 34, 29, 5, 48, 39, 32, 24, 10, 42, 26, 4, 35, 45, 2, 8]
Aristas:         [(1,9,462.08), (9,38,610.67), (38,31,577.63), (31,44,439.48), (44,18,354.13), (18,7,167.92), (7,28,266.93), (28,36,355.88), (36,30,734.4), (30,6,260.46), (6,37,206.12), (37,19,131.47), (19,17,476.62), (17,27,369.27), (27,43,286.4), (43,46,1963.81), (46,33,421.38), (33,15,496.33), (15,12,405.29), (12,11,585.43), (11,23,502.13), (23,14,605.13), (14,25,418.8), (25,13,532.08), (13,21,729.9), (21,47,710.72), (47,20,776.55), (20,40,1473.47), (40,3,1026.94), (3,22,651.64), (22,16,441.04), (16,41,1240.45), (41,34,1123.16), (34,29,1497.71), (29,5,893.07), (5,48,303.78), (48,39,999.64), (39,32,532.63), (32,24,1686.58), (24,10,921.43), (10,42,936.38), (42,26,1362.74), (26,4,319.85), (4,35,1426.01), (35,45,460.18), (45,2,3471.21), (2,8,5186.87)]
Costo asociado:  40364.090000000004
-+-+-+-+-+-+-+-+-+-+-+-+ Lista TABÚ +-+-+-+-+-+-+-+-+-+-+-+-+
Lista Tabu: [(2,1), (10,1), (22,1), (5,2), (9,2), (21,2), (16,1), (25,1), (47,1), (6,3), (24,3), (14,3), (3,2), (26,2), (12,2), (48,4), (41,4), (31,4), (35,3), (4,3), (28,3), (20,5), (7,5), (45,5), (38,4), (15,4), (42,4), (29,6), (30,6), (36,6), (40,5), (11,5), (13,5), (19,7), (34,7), (44,7), (8,6), (18,6), (37,6)]
################################ 593 ####################################
Vertices:        [1, 9, 38, 31, 44, 18, 7, 28, 43, 30, 6, 37, 19, 17, 27, 36, 46, 33, 15, 12, 11, 23, 14, 25, 13, 21, 47, 20, 40, 3, 22, 16, 41, 34, 29, 5, 48, 39, 32, 24, 10, 42, 26, 4, 35, 45, 2, 8]
Aristas:         [(1,9,462.08), (9,38,610.67), (38,31,577.63), (31,44,439.48), (44,18,354.13), (18,7,167.92), (7,28,266.93), (28,43,954.38), (43,30,399.54), (30,6,260.46), (6,37,206.12), (37,19,131.47), (19,17,476.62), (17,27,369.27), (27,36,1084.37), (36,46,901.26), (46,33,421.38), (33,15,496.33), (15,12,405.29), (12,11,585.43), (11,23,502.13), (23,14,605.13), (14,25,418.8), (25,13,532.08), (13,21,729.9), (21,47,710.72), (47,20,776.55), (20,40,1473.47), (40,3,1026.94), (3,22,651.64), (22,16,441.04), (16,41,1240.45), (41,34,1123.16), (34,29,1497.71), (29,5,893.07), (5,48,303.78), (48,39,999.64), (39,32,532.63), (32,24,1686.58), (24,10,921.43), (10,42,936.38), (42,26,1362.74), (26,4,319.85), (4,35,1426.01), (35,45,460.18), (45,2,3471.21), (2,8,5186.87)]
Costo asociado:  40363.15000000001
-+-+-+-+-+-+-+-+-+-+-+-+ Lista TABÚ +-+-+-+-+-+-+-+-+-+-+-+-+
Lista Tabu: [(42,1), (20,1), (3,1), (6,2), (37,2), (41,2), (19,1), (2,1), (38,1), (7,3), (9,3), (12,3), (23,2), (32,2), (40,2), (25,4), (11,4), (15,4), (24,3), (26,3), (17,3), (10,5), (48,5), (8,5), (28,4), (5,4), (29,4), (22,6), (45,6), (27,6), (13,5), (30,5), (34,5), (33,7), (18,7), (21,7), (31,6), (44,6), (46,6)]
################################ 693 ####################################
Vertices:        [1, 9, 38, 31, 44, 18, 7, 28, 43, 27, 6, 37, 19, 17, 30, 36, 46, 33, 15, 12, 11, 23, 14, 25, 13, 21, 47, 20, 40, 3, 22, 16, 41, 34, 29, 5, 48, 39, 32, 24, 10, 42, 26, 4, 35, 45, 2, 8]
Aristas:         [(1,9,462.08), (9,38,610.67), (38,31,577.63), (31,44,439.48), (44,18,354.13), (18,7,167.92), (7,28,266.93), (28,43,954.38), (43,27,286.4), (27,6,364.87), (6,37,206.12), (37,19,131.47), (19,17,476.62), (17,30,725.79), (30,36,734.4), (36,46,901.26), (46,33,421.38), (33,15,496.33), (15,12,405.29), (12,11,585.43), (11,23,502.13), (23,14,605.13), (14,25,418.8), (25,13,532.08), (13,21,729.9), (21,47,710.72), (47,20,776.55), (20,40,1473.47), (40,3,1026.94), (3,22,651.64), (22,16,441.04), (16,41,1240.45), (41,34,1123.16), (34,29,1497.71), (29,5,893.07), (5,48,303.78), (48,39,999.64), (39,32,532.63), (32,24,1686.58), (24,10,921.43), (10,42,936.38), (42,26,1362.74), (26,4,319.85), (4,35,1426.01), (35,45,460.18), (45,2,3471.21), (2,8,5186.87)]
Costo asociado:  40360.97000000001
-+-+-+-+-+-+-+-+-+-+-+-+ Lista TABÚ +-+-+-+-+-+-+-+-+-+-+-+-+
Lista Tabu: [(25,1), (11,1), (42,1), (23,2), (32,2), (28,2), (38,1), (3,1), (7,1), (33,3), (5,3), (21,3), (36,2), (18,2), (35,2), (43,4), (39,4), (20,4), (19,3), (46,3), (24,3), (41,5), (44,5), (29,5), (16,4), (47,4), (13,4), (15,6), (8,6), (10,6), (9,5), (2,5), (4,5), (26,7), (6,7), (17,7), (34,6), (12,6), (22,6)]
################################ 1019 ####################################
Vertices:        [1, 9, 38, 31, 44, 18, 7, 28, 43, 27, 6, 37, 19, 17, 30, 36, 46, 33, 15, 12, 11, 23, 14, 25, 13, 21, 47, 20, 40, 8, 22, 16, 41, 34, 29, 5, 48, 39, 32, 24, 10, 42, 26, 4, 35, 45, 2, 3]
Aristas:         [(1,9,462.08), (9,38,610.67), (38,31,577.63), (31,44,439.48), (44,18,354.13), (18,7,167.92), (7,28,266.93), (28,43,954.38), (43,27,286.4), (27,6,364.87), (6,37,206.12), (37,19,131.47), (19,17,476.62), (17,30,725.79), (30,36,734.4), (36,46,901.26), (46,33,421.38), (33,15,496.33), (15,12,405.29), (12,11,585.43), (11,23,502.13), (23,14,605.13), (14,25,418.8), (25,13,532.08), (13,21,729.9), (21,47,710.72), (47,20,776.55), (20,40,1473.47), (40,8,1318.99), (8,22,1174.67), (22,16,441.04), (16,41,1240.45), (41,34,1123.16), (34,29,1497.71), (29,5,893.07), (5,48,303.78), (48,39,999.64), (39,32,532.63), (32,24,1686.58), (24,10,921.43), (10,42,936.38), (42,26,1362.74), (26,4,319.85), (4,35,1426.01), (35,45,460.18), (45,2,3471.21), (2,3,3587.42)]
Costo asociado:  40218.649999999994
-+-+-+-+-+-+-+-+-+-+-+-+ Lista TABÚ +-+-+-+-+-+-+-+-+-+-+-+-+
Lista Tabu: [(10,1), (31,1), (48,1), (9,2), (27,2), (18,2), (16,1), (35,1), (14,1), (2,3), (46,3), (28,3), (47,2), (23,2), (15,2), (44,4), (38,4), (42,4), (24,3), (7,3), (34,3), (17,5), (12,5), (13,5), (25,4), (6,4), (29,4), (4,6), (20,6), (11,6), (22,5), (30,5), (19,5), (32,7), (43,7), (45,7), (21,6), (5,6), (39,6)]
################################ 1200 ####################################
Vertices:        [1, 9, 38, 31, 44, 18, 7, 28, 6, 27, 43, 37, 19, 17, 30, 36, 46, 33, 15, 12, 11, 23, 14, 25, 13, 21, 47, 20, 40, 8, 22, 16, 41, 34, 29, 5, 48, 39, 32, 24, 10, 42, 26, 4, 35, 45, 2, 3]
Aristas:         [(1,9,462.08), (9,38,610.67), (38,31,577.63), (31,44,439.48), (44,18,354.13), (18,7,167.92), (7,28,266.93), (28,6,481.68), (6,27,364.87), (27,43,286.4), (43,37,569.86), (37,19,131.47), (19,17,476.62), (17,30,725.79), (30,36,734.4), (36,46,901.26), (46,33,421.38), (33,15,496.33), (15,12,405.29), (12,11,585.43), (11,23,502.13), (23,14,605.13), (14,25,418.8), (25,13,532.08), (13,21,729.9), (21,47,710.72), (47,20,776.55), (20,40,1473.47), (40,8,1318.99), (8,22,1174.67), (22,16,441.04), (16,41,1240.45), (41,34,1123.16), (34,29,1497.71), (29,5,893.07), (5,48,303.78), (48,39,999.64), (39,32,532.63), (32,24,1686.58), (24,10,921.43), (10,42,936.38), (42,26,1362.74), (26,4,319.85), (4,35,1426.01), (35,45,460.18), (45,2,3471.21), (2,3,3587.42)]
Costo asociado:  40109.689999999995
-+-+-+-+-+-+-+-+-+-+-+-+ Lista TABÚ +-+-+-+-+-+-+-+-+-+-+-+-+
Lista Tabu: [(14,1), (29,1), (48,1), (10,2), (36,2), (5,2), (15,1), (4,1), (46,1), (33,3), (22,3), (18,3), (24,2), (12,2), (2,2), (38,4), (16,4), (25,4), (47,3), (44,3), (40,3), (37,5), (3,5), (8,5), (19,4), (45,4), (21,4), (28,6), (20,6), (31,6), (27,5), (30,5), (42,5), (35,7), (13,7), (9,7), (23,6), (32,6), (39,6)]
################################ 1277 ####################################
Vertices:        [1, 9, 38, 31, 44, 18, 7, 28, 6, 27, 43, 37, 19, 17, 30, 36, 46, 33, 15, 12, 11, 23, 14, 25, 13, 21, 47, 20, 40, 8, 22, 16, 3, 34, 29, 5, 48, 39, 32, 24, 10, 42, 26, 4, 35, 45, 2, 41]
Aristas:         [(1,9,462.08), (9,38,610.67), (38,31,577.63), (31,44,439.48), (44,18,354.13), (18,7,167.92), (7,28,266.93), (28,6,481.68), (6,27,364.87), (27,43,286.4), (43,37,569.86), (37,19,131.47), (19,17,476.62), (17,30,725.79), (30,36,734.4), (36,46,901.26), (46,33,421.38), (33,15,496.33), (15,12,405.29), (12,11,585.43), (11,23,502.13), (23,14,605.13), (14,25,418.8), (25,13,532.08), (13,21,729.9), (21,47,710.72), (47,20,776.55), (20,40,1473.47), (40,8,1318.99), (8,22,1174.67), (22,16,441.04), (16,3,950.24), (3,34,949.29), (34,29,1497.71), (29,5,893.07), (5,48,303.78), (48,39,999.64), (39,32,532.63), (32,24,1686.58), (24,10,921.43), (10,42,936.38), (42,26,1362.74), (26,4,319.85), (4,35,1426.01), (35,45,460.18), (45,2,3471.21), (2,41,2755.07)]
Costo asociado:  39795.91
-+-+-+-+-+-+-+-+-+-+-+-+ Lista TABÚ +-+-+-+-+-+-+-+-+-+-+-+-+
Lista Tabu: [(21,1), (9,1), (8,1), (34,2), (32,2), (35,2), (24,1), (7,1), (6,1), (14,3), (20,3), (44,3), (37,2), (36,2), (5,2), (18,4), (10,4), (26,4), (48,3), (15,3), (19,3), (42,5), (11,5), (47,5), (12,4), (13,4), (40,4), (23,6), (16,6), (45,6), (28,5), (25,5), (27,5), (2,7), (38,7), (4,7), (30,6), (29,6), (22,6)]
################################ 1341 ####################################
Vertices:        [1, 9, 38, 31, 44, 18, 7, 28, 6, 43, 27, 37, 19, 17, 30, 36, 46, 33, 15, 12, 11, 23, 14, 25, 13, 21, 47, 20, 40, 8, 22, 16, 3, 34, 29, 5, 48, 39, 32, 24, 10, 42, 26, 4, 35, 45, 2, 41]
Aristas:         [(1,9,462.08), (9,38,610.67), (38,31,577.63), (31,44,439.48), (44,18,354.13), (18,7,167.92), (7,28,266.93), (28,6,481.68), (6,43,549.6), (43,27,286.4), (27,37,305.0), (37,19,131.47), (19,17,476.62), (17,30,725.79), (30,36,734.4), (36,46,901.26), (46,33,421.38), (33,15,496.33), (15,12,405.29), (12,11,585.43), (11,23,502.13), (23,14,605.13), (14,25,418.8), (25,13,532.08), (13,21,729.9), (21,47,710.72), (47,20,776.55), (20,40,1473.47), (40,8,1318.99), (8,22,1174.67), (22,16,441.04), (16,3,950.24), (3,34,949.29), (34,29,1497.71), (29,5,893.07), (5,48,303.78), (48,39,999.64), (39,32,532.63), (32,24,1686.58), (24,10,921.43), (10,42,936.38), (42,26,1362.74), (26,4,319.85), (4,35,1426.01), (35,45,460.18), (45,2,3471.21), (2,41,2755.07)]
Costo asociado:  39715.780000000006
-+-+-+-+-+-+-+-+-+-+-+-+ Lista TABÚ +-+-+-+-+-+-+-+-+-+-+-+-+
Lista Tabu: [(21,1), (6,1), (46,1), (8,2), (15,2), (45,2), (12,1), (47,1), (40,1), (44,3), (28,3), (31,3), (48,2), (13,2), (26,2), (19,4), (17,4), (10,4), (38,3), (20,3), (25,3), (33,5), (5,5), (9,5), (7,4), (23,4), (34,4), (2,6), (11,6), (3,6), (42,5), (32,5), (41,5), (39,7), (29,7), (35,7), (24,6), (22,6), (14,6)]
################################ 1501 ####################################
Vertices:        [1, 9, 38, 31, 44, 18, 7, 28, 6, 30, 27, 37, 19, 17, 43, 36, 46, 33, 15, 12, 11, 23, 14, 25, 13, 21, 47, 20, 40, 8, 22, 16, 3, 34, 29, 5, 48, 39, 32, 24, 10, 42, 26, 4, 35, 45, 2, 41]
Aristas:         [(1,9,462.08), (9,38,610.67), (38,31,577.63), (31,44,439.48), (44,18,354.13), (18,7,167.92), (7,28,266.93), (28,6,481.68), (6,30,260.46), (30,27,373.07), (27,37,305.0), (37,19,131.47), (19,17,476.62), (17,43,436.79), (43,36,1120.46), (36,46,901.26), (46,33,421.38), (33,15,496.33), (15,12,405.29), (12,11,585.43), (11,23,502.13), (23,14,605.13), (14,25,418.8), (25,13,532.08), (13,21,729.9), (21,47,710.72), (47,20,776.55), (20,40,1473.47), (40,8,1318.99), (8,22,1174.67), (22,16,441.04), (16,3,950.24), (3,34,949.29), (34,29,1497.71), (29,5,893.07), (5,48,303.78), (48,39,999.64), (39,32,532.63), (32,24,1686.58), (24,10,921.43), (10,42,936.38), (42,26,1362.74), (26,4,319.85), (4,35,1426.01), (35,45,460.18), (45,2,3471.21), (2,41,2755.07)]
Costo asociado:  39610.37
-+-+-+-+-+-+-+-+-+-+-+-+ Lista TABÚ +-+-+-+-+-+-+-+-+-+-+-+-+
Lista Tabu: [(2,1), (24,1), (41,1), (6,2), (31,2), (7,2), (34,1), (23,1), (29,1), (4,3), (21,3), (28,3), (8,2), (25,2), (22,2), (11,4), (38,4), (40,4), (46,3), (12,3), (15,3), (47,5), (3,5), (10,5), (26,4), (36,4), (35,4), (39,6), (14,6), (42,6), (17,5), (19,5), (16,5), (37,7), (5,7), (9,7), (18,6), (45,6), (44,6)]
################################ 1824 ####################################
Vertices:        [1, 9, 38, 31, 44, 18, 7, 28, 6, 30, 27, 37, 19, 17, 43, 36, 46, 33, 15, 12, 11, 23, 14, 25, 13, 21, 47, 20, 40, 8, 16, 22, 3, 34, 29, 5, 48, 39, 32, 24, 10, 42, 26, 4, 35, 45, 2, 41]
Aristas:         [(1,9,462.08), (9,38,610.67), (38,31,577.63), (31,44,439.48), (44,18,354.13), (18,7,167.92), (7,28,266.93), (28,6,481.68), (6,30,260.46), (30,27,373.07), (27,37,305.0), (37,19,131.47), (19,17,476.62), (17,43,436.79), (43,36,1120.46), (36,46,901.26), (46,33,421.38), (33,15,496.33), (15,12,405.29), (12,11,585.43), (11,23,502.13), (23,14,605.13), (14,25,418.8), (25,13,532.08), (13,21,729.9), (21,47,710.72), (47,20,776.55), (20,40,1473.47), (40,8,1318.99), (8,16,1303.75), (16,22,441.04), (22,3,651.64), (3,34,949.29), (34,29,1497.71), (29,5,893.07), (5,48,303.78), (48,39,999.64), (39,32,532.63), (32,24,1686.58), (24,10,921.43), (10,42,936.38), (42,26,1362.74), (26,4,319.85), (4,35,1426.01), (35,45,460.18), (45,2,3471.21), (2,41,2755.07)]
Costo asociado:  39440.85
-+-+-+-+-+-+-+-+-+-+-+-+ Lista TABÚ +-+-+-+-+-+-+-+-+-+-+-+-+
Lista Tabu: [(32,1), (10,1), (7,1), (15,2), (44,2), (3,2), (24,1), (21,1), (19,1), (42,3), (33,3), (40,3), (14,2), (17,2), (28,2), (11,4), (20,4), (25,4), (30,3), (35,3), (37,3), (12,5), (36,5), (38,5), (29,4), (41,4), (4,4), (18,6), (27,6), (47,6), (46,5), (9,5), (43,5), (2,7), (39,7), (31,7), (5,6), (26,6), (45,6)]
################################ 2279 ####################################
Vertices:        [1, 8, 38, 31, 44, 18, 7, 28, 6, 30, 27, 37, 19, 17, 43, 36, 46, 33, 15, 12, 11, 23, 14, 25, 13, 21, 47, 20, 40, 9, 16, 22, 3, 34, 29, 5, 48, 39, 32, 24, 10, 42, 26, 4, 35, 45, 2, 41]
Aristas:         [(1,8,562.3), (8,38,984.23), (38,31,577.63), (31,44,439.48), (44,18,354.13), (18,7,167.92), (7,28,266.93), (28,6,481.68), (6,30,260.46), (30,27,373.07), (27,37,305.0), (37,19,131.47), (19,17,476.62), (17,43,436.79), (43,36,1120.46), (36,46,901.26), (46,33,421.38), (33,15,496.33), (15,12,405.29), (12,11,585.43), (11,23,502.13), (23,14,605.13), (14,25,418.8), (25,13,532.08), (13,21,729.9), (21,47,710.72), (47,20,776.55), (20,40,1473.47), (40,9,675.0), (9,16,1450.63), (16,22,441.04), (22,3,651.64), (3,34,949.29), (34,29,1497.71), (29,5,893.07), (5,48,303.78), (48,39,999.64), (39,32,532.63), (32,24,1686.58), (24,10,921.43), (10,42,936.38), (42,26,1362.74), (26,4,319.85), (4,35,1426.01), (35,45,460.18), (45,2,3471.21), (2,41,2755.07)]
Costo asociado:  39417.52
-+-+-+-+-+-+-+-+-+-+-+-+ Lista TABÚ +-+-+-+-+-+-+-+-+-+-+-+-+
Lista Tabu: [(7,1), (3,1), (4,1), (17,2), (10,2), (24,2), (26,1), (48,1), (2,1), (27,3), (14,3), (33,3), (46,2), (36,2), (19,2), (25,4), (43,4), (20,4), (34,3), (42,3), (29,3), (16,5), (12,5), (38,5), (32,4), (37,4), (21,4), (28,6), (22,6), (45,6), (5,5), (23,5), (18,5), (44,7), (30,7), (13,7), (6,6), (41,6), (11,6)]
################################ 2713 ####################################
Vertices:        [1, 8, 38, 31, 44, 18, 7, 28, 6, 30, 27, 37, 19, 17, 43, 36, 46, 33, 15, 12, 11, 23, 14, 25, 13, 21, 47, 20, 40, 9, 22, 16, 3, 34, 29, 5, 48, 39, 32, 24, 10, 42, 26, 4, 35, 45, 2, 41]
Aristas:         [(1,8,562.3), (8,38,984.23), (38,31,577.63), (31,44,439.48), (44,18,354.13), (18,7,167.92), (7,28,266.93), (28,6,481.68), (6,30,260.46), (30,27,373.07), (27,37,305.0), (37,19,131.47), (19,17,476.62), (17,43,436.79), (43,36,1120.46), (36,46,901.26), (46,33,421.38), (33,15,496.33), (15,12,405.29), (12,11,585.43), (11,23,502.13), (23,14,605.13), (14,25,418.8), (25,13,532.08), (13,21,729.9), (21,47,710.72), (47,20,776.55), (20,40,1473.47), (40,9,675.0), (9,22,1111.68), (22,16,441.04), (16,3,950.24), (3,34,949.29), (34,29,1497.71), (29,5,893.07), (5,48,303.78), (48,39,999.64), (39,32,532.63), (32,24,1686.58), (24,10,921.43), (10,42,936.38), (42,26,1362.74), (26,4,319.85), (4,35,1426.01), (35,45,460.18), (45,2,3471.21), (2,41,2755.07)]
Costo asociado:  39377.17
-+-+-+-+-+-+-+-+-+-+-+-+ Lista TABÚ +-+-+-+-+-+-+-+-+-+-+-+-+
Lista Tabu: [(10,1), (45,1), (48,1), (35,2), (31,2), (37,2), (14,1), (44,1), (19,1), (18,3), (34,3), (28,3), (33,2), (26,2), (29,2), (30,4), (21,4), (47,4), (8,3), (36,3), (2,3), (5,5), (24,5), (38,5), (15,4), (13,4), (7,4), (39,6), (11,6), (43,6), (17,5), (32,5), (41,5), (12,7), (23,7), (20,7), (42,6), (4,6), (27,6)]

################################ Solucion Optima ####################################
Vertices:        [1, 8, 38, 31, 44, 18, 7, 28, 6, 30, 27, 37, 19, 17, 43, 36, 46, 33, 15, 12, 11, 23, 14, 25, 13, 21, 47, 20, 40, 9, 22, 16, 3, 34, 29, 5, 48, 39, 32, 24, 10, 42, 26, 4, 35, 45, 2, 41]
Aristas:         [(1,8,562.3), (8,38,984.23), (38,31,577.63), (31,44,439.48), (44,18,354.13), (18,7,167.92), (7,28,266.93), (28,6,481.68), (6,30,260.46), (30,27,373.07), (27,37,305.0), (37,19,131.47), (19,17,476.62), (17,43,436.79), (43,36,1120.46), (36,46,901.26), (46,33,421.38), (33,15,496.33), (15,12,405.29), (12,11,585.43), (11,23,502.13), (23,14,605.13), (14,25,418.8), (25,13,532.08), (13,21,729.9), (21,47,710.72), (47,20,776.55), (20,40,1473.47), (40,9,675.0), (9,22,1111.68), (22,16,441.04), (16,3,950.24), (3,34,949.29), (34,29,1497.71), (29,5,893.07), (5,48,303.78), (48,39,999.64), (39,32,532.63), (32,24,1686.58), (24,10,921.43), (10,42,936.38), (42,26,1362.74), (26,4,319.85), (4,35,1426.01), (35,45,460.18), (45,2,3471.21), (2,41,2755.07)]
Costo asociado:  39377.17

Nro Intercambios: 6           Maximas Iteraciones: 7000
Tenure ADD: 7           Tenure DROP: 6
Tiempo total: 6min 15seg
