################################ 251 ####################################
Vertices:        [1, 69, 27, 101, 53, 58, 40, 21, 73, 72, 41, 22, 75, 56, 39, 23, 67, 25, 55, 54, 80, 68, 77, 3, 79, 33, 81, 9, 51, 20, 30, 70, 31, 88, 7, 82, 48, 47, 36, 49, 19, 11, 62, 10, 90, 32, 63, 64, 46, 8, 45, 17, 84, 5, 60, 83, 18, 52, 89, 6, 94, 95, 97, 92, 59, 99, 96, 93, 85, 91, 100, 37, 98, 61, 16, 44, 14, 42, 87, 2, 57, 15, 43, 38, 86, 13, 26, 12, 76, 50, 28, 4, 24, 29, 78, 34, 35, 71, 66, 65, 74]
Aristas:         [(1,69,4.47), (69,27,7.28), (27,101,5.0), (101,53,4.47), (53,58,5.1), (58,40,4.12), (40,21,7.07), (21,73,3.16), (73,72,3.16), (72,41,10.3), (41,22,4.24), (22,75,4.12), (75,56,4.12), (56,39,7.0), (39,23,8.6), (23,67,12.0), (67,25,15.13), (25,55,3.61), (55,54,8.49), (54,80,8.06), (80,68,2.0), (68,77,5.0), (77,3,2.83), (3,79,3.61), (79,33,5.66), (33,81,2.83), (81,9,6.0), (9,51,6.32), (51,20,8.06), (20,30,7.07), (30,70,5.0), (70,31,7.21), (31,88,5.0), (88,7,6.32), (7,82,5.83), (82,48,5.39), (48,47,6.4), (47,36,7.21), (36,49,8.94), (49,19,12.04), (19,11,7.07), (11,62,8.06), (62,10,6.32), (10,90,7.07), (90,32,4.47), (32,63,8.0), (63,64,14.42), (64,46,31.78), (46,8,9.43), (8,45,6.4), (45,17,8.06), (17,84,6.08), (84,5,4.12), (5,60,4.47), (60,83,4.24), (83,18,6.71), (18,52,7.62), (52,89,8.06), (89,6,5.1), (6,94,3.16), (94,95,3.16), (95,97,3.0), (97,92,3.16), (92,59,2.24), (59,99,2.24), (99,96,2.24), (96,93,5.0), (93,85,2.83), (85,91,3.16), (91,100,3.16), (100,37,2.83), (37,98,1.41), (98,61,7.62), (61,16,4.47), (16,44,6.08), (44,14,5.66), (14,42,9.22), (42,87,7.21), (87,2,7.07), (2,57,5.83), (57,15,7.28), (15,43,7.28), (43,38,18.11), (38,86,13.04), (86,13,26.93), (13,26,15.81), (26,12,7.07), (12,76,7.07), (76,50,5.39), (50,28,11.66), (28,4,22.02), (4,24,18.03), (24,29,7.07), (29,78,10.44), (78,34,5.0), (34,35,10.2), (35,71,6.71), (71,66,9.43), (66,65,13.6), (65,74,65.97)]
Costo asociado:  820.9100000000002
################################ 1061 ####################################
Vertices:        [1, 69, 27, 101, 53, 58, 40, 21, 73, 72, 41, 22, 75, 56, 39, 23, 67, 25, 55, 54, 80, 68, 74, 3, 79, 33, 81, 9, 51, 20, 30, 70, 31, 88, 7, 82, 48, 47, 36, 49, 19, 11, 62, 10, 90, 32, 63, 64, 46, 8, 45, 17, 84, 5, 60, 83, 18, 52, 89, 6, 94, 95, 97, 92, 59, 99, 96, 93, 85, 91, 100, 37, 98, 61, 16, 44, 14, 42, 87, 2, 57, 15, 43, 38, 86, 13, 26, 12, 76, 50, 28, 4, 24, 29, 78, 34, 35, 71, 66, 65, 77]
Aristas:         [(1,69,4.47), (69,27,7.28), (27,101,5.0), (101,53,4.47), (53,58,5.1), (58,40,4.12), (40,21,7.07), (21,73,3.16), (73,72,3.16), (72,41,10.3), (41,22,4.24), (22,75,4.12), (75,56,4.12), (56,39,7.0), (39,23,8.6), (23,67,12.0), (67,25,15.13), (25,55,3.61), (55,54,8.49), (54,80,8.06), (80,68,2.0), (68,74,27.86), (74,3,33.24), (3,79,3.61), (79,33,5.66), (33,81,2.83), (81,9,6.0), (9,51,6.32), (51,20,8.06), (20,30,7.07), (30,70,5.0), (70,31,7.21), (31,88,5.0), (88,7,6.32), (7,82,5.83), (82,48,5.39), (48,47,6.4), (47,36,7.21), (36,49,8.94), (49,19,12.04), (19,11,7.07), (11,62,8.06), (62,10,6.32), (10,90,7.07), (90,32,4.47), (32,63,8.0), (63,64,14.42), (64,46,31.78), (46,8,9.43), (8,45,6.4), (45,17,8.06), (17,84,6.08), (84,5,4.12), (5,60,4.47), (60,83,4.24), (83,18,6.71), (18,52,7.62), (52,89,8.06), (89,6,5.1), (6,94,3.16), (94,95,3.16), (95,97,3.0), (97,92,3.16), (92,59,2.24), (59,99,2.24), (99,96,2.24), (96,93,5.0), (93,85,2.83), (85,91,3.16), (91,100,3.16), (100,37,2.83), (37,98,1.41), (98,61,7.62), (61,16,4.47), (16,44,6.08), (44,14,5.66), (14,42,9.22), (42,87,7.21), (87,2,7.07), (2,57,5.83), (57,15,7.28), (15,43,7.28), (43,38,18.11), (38,86,13.04), (86,13,26.93), (13,26,15.81), (26,12,7.07), (12,76,7.07), (76,50,5.39), (50,28,11.66), (28,4,22.02), (4,24,18.03), (24,29,7.07), (29,78,10.44), (78,34,5.0), (34,35,10.2), (35,71,6.71), (71,66,9.43), (66,65,13.6), (65,77,35.17)]
Costo asociado:  820.4500000000002
################################ 1342 ####################################
Vertices:        [1, 69, 27, 101, 53, 58, 40, 21, 73, 72, 41, 22, 75, 56, 39, 23, 67, 25, 55, 54, 80, 68, 4, 3, 79, 33, 81, 9, 51, 20, 30, 70, 31, 88, 7, 82, 48, 47, 36, 49, 19, 11, 62, 10, 90, 32, 63, 64, 46, 8, 45, 17, 84, 5, 60, 83, 18, 52, 89, 6, 94, 95, 97, 92, 59, 99, 96, 93, 85, 91, 100, 37, 98, 61, 16, 44, 14, 42, 87, 2, 57, 15, 43, 38, 86, 13, 26, 12, 76, 50, 28, 74, 24, 29, 78, 34, 35, 71, 66, 65, 77]
Aristas:         [(1,69,4.47), (69,27,7.28), (27,101,5.0), (101,53,4.47), (53,58,5.1), (58,40,4.12), (40,21,7.07), (21,73,3.16), (73,72,3.16), (72,41,10.3), (41,22,4.24), (22,75,4.12), (75,56,4.12), (56,39,7.0), (39,23,8.6), (23,67,12.0), (67,25,15.13), (25,55,3.61), (55,54,8.49), (54,80,8.06), (80,68,2.0), (68,4,19.03), (4,3,25.0), (3,79,3.61), (79,33,5.66), (33,81,2.83), (81,9,6.0), (9,51,6.32), (51,20,8.06), (20,30,7.07), (30,70,5.0), (70,31,7.21), (31,88,5.0), (88,7,6.32), (7,82,5.83), (82,48,5.39), (48,47,6.4), (47,36,7.21), (36,49,8.94), (49,19,12.04), (19,11,7.07), (11,62,8.06), (62,10,6.32), (10,90,7.07), (90,32,4.47), (32,63,8.0), (63,64,14.42), (64,46,31.78), (46,8,9.43), (8,45,6.4), (45,17,8.06), (17,84,6.08), (84,5,4.12), (5,60,4.47), (60,83,4.24), (83,18,6.71), (18,52,7.62), (52,89,8.06), (89,6,5.1), (6,94,3.16), (94,95,3.16), (95,97,3.0), (97,92,3.16), (92,59,2.24), (59,99,2.24), (99,96,2.24), (96,93,5.0), (93,85,2.83), (85,91,3.16), (91,100,3.16), (100,37,2.83), (37,98,1.41), (98,61,7.62), (61,16,4.47), (16,44,6.08), (44,14,5.66), (14,42,9.22), (42,87,7.21), (87,2,7.07), (2,57,5.83), (57,15,7.28), (15,43,7.28), (43,38,18.11), (38,86,13.04), (86,13,26.93), (13,26,15.81), (26,12,7.07), (12,76,7.07), (76,50,5.39), (50,28,11.66), (28,74,24.52), (74,24,29.07), (24,29,7.07), (29,78,10.44), (78,34,5.0), (34,35,10.2), (35,71,6.71), (71,66,9.43), (66,65,13.6), (65,77,35.17)]
Costo asociado:  816.9200000000003
################################ 1791 ####################################
Vertices:        [1, 69, 27, 101, 53, 58, 40, 74, 73, 72, 41, 22, 75, 56, 39, 23, 67, 25, 55, 54, 80, 68, 4, 3, 79, 33, 81, 9, 51, 20, 30, 70, 31, 88, 7, 82, 48, 47, 36, 49, 19, 11, 62, 10, 90, 32, 63, 64, 46, 8, 45, 17, 84, 5, 60, 83, 18, 52, 89, 6, 94, 95, 97, 92, 59, 99, 96, 93, 85, 91, 100, 37, 98, 61, 16, 44, 14, 42, 87, 2, 57, 15, 43, 38, 86, 13, 26, 12, 76, 50, 28, 21, 24, 29, 78, 34, 35, 71, 66, 65, 77]
Aristas:         [(1,69,4.47), (69,27,7.28), (27,101,5.0), (101,53,4.47), (53,58,5.1), (58,40,4.12), (40,74,13.42), (74,73,4.47), (73,72,3.16), (72,41,10.3), (41,22,4.24), (22,75,4.12), (75,56,4.12), (56,39,7.0), (39,23,8.6), (23,67,12.0), (67,25,15.13), (25,55,3.61), (55,54,8.49), (54,80,8.06), (80,68,2.0), (68,4,19.03), (4,3,25.0), (3,79,3.61), (79,33,5.66), (33,81,2.83), (81,9,6.0), (9,51,6.32), (51,20,8.06), (20,30,7.07), (30,70,5.0), (70,31,7.21), (31,88,5.0), (88,7,6.32), (7,82,5.83), (82,48,5.39), (48,47,6.4), (47,36,7.21), (36,49,8.94), (49,19,12.04), (19,11,7.07), (11,62,8.06), (62,10,6.32), (10,90,7.07), (90,32,4.47), (32,63,8.0), (63,64,14.42), (64,46,31.78), (46,8,9.43), (8,45,6.4), (45,17,8.06), (17,84,6.08), (84,5,4.12), (5,60,4.47), (60,83,4.24), (83,18,6.71), (18,52,7.62), (52,89,8.06), (89,6,5.1), (6,94,3.16), (94,95,3.16), (95,97,3.0), (97,92,3.16), (92,59,2.24), (59,99,2.24), (99,96,2.24), (96,93,5.0), (93,85,2.83), (85,91,3.16), (91,100,3.16), (100,37,2.83), (37,98,1.41), (98,61,7.62), (61,16,4.47), (16,44,6.08), (44,14,5.66), (14,42,9.22), (42,87,7.21), (87,2,7.07), (2,57,5.83), (57,15,7.28), (15,43,7.28), (43,38,18.11), (38,86,13.04), (86,13,26.93), (13,26,15.81), (26,12,7.07), (12,76,7.07), (76,50,5.39), (50,28,11.66), (28,21,17.46), (21,24,25.0), (24,29,7.07), (29,78,10.44), (78,34,5.0), (34,35,10.2), (35,71,6.71), (71,66,9.43), (66,65,13.6), (65,77,35.17)]
Costo asociado:  813.4500000000003
################################ 1894 ####################################
Vertices:        [1, 69, 27, 101, 53, 58, 40, 74, 73, 72, 41, 22, 75, 56, 23, 39, 67, 25, 55, 54, 80, 68, 4, 3, 79, 33, 81, 9, 51, 20, 30, 70, 31, 88, 7, 82, 48, 47, 36, 49, 19, 11, 62, 10, 90, 32, 63, 64, 46, 8, 45, 17, 84, 5, 60, 83, 18, 52, 89, 6, 94, 95, 97, 92, 59, 99, 96, 93, 85, 91, 100, 37, 98, 61, 16, 44, 14, 42, 87, 2, 57, 15, 43, 38, 86, 13, 26, 12, 76, 50, 28, 21, 24, 29, 78, 34, 35, 71, 66, 65, 77]
Aristas:         [(1,69,4.47), (69,27,7.28), (27,101,5.0), (101,53,4.47), (53,58,5.1), (58,40,4.12), (40,74,13.42), (74,73,4.47), (73,72,3.16), (72,41,10.3), (41,22,4.24), (22,75,4.12), (75,56,4.12), (56,23,7.28), (23,39,8.6), (39,67,9.9), (67,25,15.13), (25,55,3.61), (55,54,8.49), (54,80,8.06), (80,68,2.0), (68,4,19.03), (4,3,25.0), (3,79,3.61), (79,33,5.66), (33,81,2.83), (81,9,6.0), (9,51,6.32), (51,20,8.06), (20,30,7.07), (30,70,5.0), (70,31,7.21), (31,88,5.0), (88,7,6.32), (7,82,5.83), (82,48,5.39), (48,47,6.4), (47,36,7.21), (36,49,8.94), (49,19,12.04), (19,11,7.07), (11,62,8.06), (62,10,6.32), (10,90,7.07), (90,32,4.47), (32,63,8.0), (63,64,14.42), (64,46,31.78), (46,8,9.43), (8,45,6.4), (45,17,8.06), (17,84,6.08), (84,5,4.12), (5,60,4.47), (60,83,4.24), (83,18,6.71), (18,52,7.62), (52,89,8.06), (89,6,5.1), (6,94,3.16), (94,95,3.16), (95,97,3.0), (97,92,3.16), (92,59,2.24), (59,99,2.24), (99,96,2.24), (96,93,5.0), (93,85,2.83), (85,91,3.16), (91,100,3.16), (100,37,2.83), (37,98,1.41), (98,61,7.62), (61,16,4.47), (16,44,6.08), (44,14,5.66), (14,42,9.22), (42,87,7.21), (87,2,7.07), (2,57,5.83), (57,15,7.28), (15,43,7.28), (43,38,18.11), (38,86,13.04), (86,13,26.93), (13,26,15.81), (26,12,7.07), (12,76,7.07), (76,50,5.39), (50,28,11.66), (28,21,17.46), (21,24,25.0), (24,29,7.07), (29,78,10.44), (78,34,5.0), (34,35,10.2), (35,71,6.71), (71,66,9.43), (66,65,13.6), (65,77,35.17)]
Costo asociado:  811.6300000000003
################################ 2474 ####################################
Vertices:        [1, 69, 27, 101, 53, 58, 40, 74, 73, 72, 41, 22, 75, 56, 23, 39, 67, 25, 55, 54, 80, 21, 4, 3, 79, 33, 81, 9, 51, 20, 30, 70, 31, 88, 7, 82, 48, 47, 36, 49, 19, 11, 62, 10, 90, 32, 63, 64, 46, 8, 45, 17, 84, 5, 60, 83, 18, 52, 89, 6, 94, 95, 97, 92, 59, 99, 96, 93, 85, 91, 100, 37, 98, 61, 16, 44, 14, 42, 87, 2, 57, 15, 43, 38, 86, 13, 26, 12, 76, 50, 28, 68, 24, 29, 78, 34, 35, 71, 66, 65, 77]
Aristas:         [(1,69,4.47), (69,27,7.28), (27,101,5.0), (101,53,4.47), (53,58,5.1), (58,40,4.12), (40,74,13.42), (74,73,4.47), (73,72,3.16), (72,41,10.3), (41,22,4.24), (22,75,4.12), (75,56,4.12), (56,23,7.28), (23,39,8.6), (39,67,9.9), (67,25,15.13), (25,55,3.61), (55,54,8.49), (54,80,8.06), (80,21,20.25), (21,4,10.0), (4,3,25.0), (3,79,3.61), (79,33,5.66), (33,81,2.83), (81,9,6.0), (9,51,6.32), (51,20,8.06), (20,30,7.07), (30,70,5.0), (70,31,7.21), (31,88,5.0), (88,7,6.32), (7,82,5.83), (82,48,5.39), (48,47,6.4), (47,36,7.21), (36,49,8.94), (49,19,12.04), (19,11,7.07), (11,62,8.06), (62,10,6.32), (10,90,7.07), (90,32,4.47), (32,63,8.0), (63,64,14.42), (64,46,31.78), (46,8,9.43), (8,45,6.4), (45,17,8.06), (17,84,6.08), (84,5,4.12), (5,60,4.47), (60,83,4.24), (83,18,6.71), (18,52,7.62), (52,89,8.06), (89,6,5.1), (6,94,3.16), (94,95,3.16), (95,97,3.0), (97,92,3.16), (92,59,2.24), (59,99,2.24), (99,96,2.24), (96,93,5.0), (93,85,2.83), (85,91,3.16), (91,100,3.16), (100,37,2.83), (37,98,1.41), (98,61,7.62), (61,16,4.47), (16,44,6.08), (44,14,5.66), (14,42,9.22), (42,87,7.21), (87,2,7.07), (2,57,5.83), (57,15,7.28), (15,43,7.28), (43,38,18.11), (38,86,13.04), (86,13,26.93), (13,26,15.81), (26,12,7.07), (12,76,7.07), (76,50,5.39), (50,28,11.66), (28,68,15.13), (68,24,9.85), (24,29,7.07), (29,78,10.44), (78,34,5.0), (34,35,10.2), (35,71,6.71), (71,66,9.43), (66,65,13.6), (65,77,35.17)]
Costo asociado:  803.3700000000002

################################ MEJORES SOLUCIONES ####################################

################################ Solucion Optima ####################################
Vertices:        [1, 69, 27, 101, 53, 58, 40, 74, 73, 72, 41, 22, 75, 56, 23, 39, 67, 25, 55, 54, 80, 21, 4, 3, 79, 33, 81, 9, 51, 20, 30, 70, 31, 88, 7, 82, 48, 47, 36, 49, 19, 11, 62, 10, 90, 32, 63, 64, 46, 8, 45, 17, 84, 5, 60, 83, 18, 52, 89, 6, 94, 95, 97, 92, 59, 99, 96, 93, 85, 91, 100, 37, 98, 61, 16, 44, 14, 42, 87, 2, 57, 15, 43, 38, 86, 13, 26, 12, 76, 50, 28, 68, 24, 29, 78, 34, 35, 71, 66, 65, 77]
Aristas:         [(1,69,4.47), (69,27,7.28), (27,101,5.0), (101,53,4.47), (53,58,5.1), (58,40,4.12), (40,74,13.42), (74,73,4.47), (73,72,3.16), (72,41,10.3), (41,22,4.24), (22,75,4.12), (75,56,4.12), (56,23,7.28), (23,39,8.6), (39,67,9.9), (67,25,15.13), (25,55,3.61), (55,54,8.49), (54,80,8.06), (80,21,20.25), (21,4,10.0), (4,3,25.0), (3,79,3.61), (79,33,5.66), (33,81,2.83), (81,9,6.0), (9,51,6.32), (51,20,8.06), (20,30,7.07), (30,70,5.0), (70,31,7.21), (31,88,5.0), (88,7,6.32), (7,82,5.83), (82,48,5.39), (48,47,6.4), (47,36,7.21), (36,49,8.94), (49,19,12.04), (19,11,7.07), (11,62,8.06), (62,10,6.32), (10,90,7.07), (90,32,4.47), (32,63,8.0), (63,64,14.42), (64,46,31.78), (46,8,9.43), (8,45,6.4), (45,17,8.06), (17,84,6.08), (84,5,4.12), (5,60,4.47), (60,83,4.24), (83,18,6.71), (18,52,7.62), (52,89,8.06), (89,6,5.1), (6,94,3.16), (94,95,3.16), (95,97,3.0), (97,92,3.16), (92,59,2.24), (59,99,2.24), (99,96,2.24), (96,93,5.0), (93,85,2.83), (85,91,3.16), (91,100,3.16), (100,37,2.83), (37,98,1.41), (98,61,7.62), (61,16,4.47), (16,44,6.08), (44,14,5.66), (14,42,9.22), (42,87,7.21), (87,2,7.07), (2,57,5.83), (57,15,7.28), (15,43,7.28), (43,38,18.11), (38,86,13.04), (86,13,26.93), (13,26,15.81), (26,12,7.07), (12,76,7.07), (76,50,5.39), (50,28,11.66), (28,68,15.13), (68,24,9.85), (24,29,7.07), (29,78,10.44), (78,34,5.0), (34,35,10.2), (35,71,6.71), (71,66,9.43), (66,65,13.6), (65,77,35.17)]
Costo asociado:  803.3700000000002

Nro Intercambios: 6           Maximas Iteraciones: 3000
Tenure ADD: 15           Tenure DROP: 10
Tiempo total: 1min 22seg
